image: /home/orangepi/max_ws/src/nav/map/nav0807.pgm
resolution: 0.100000
origin: [-3.251837, -4.972888, 0.000000]
negate: 0
occupied_thresh: 0.65
free_thresh: 0.196

